-142.934
-60.781
152.804
-39.794
186.573
-164.196
-55.075
-105.749
-186.213
106.663
69.264
-153.52
147.139
-44.848
130.644
28.5
-137.121
61.688
59.901
123.289
117.092
-128.965
-119.285
-83.958
-164.207
-191.988
53.415
-11.595
-170.815
-65.005
88.91
-180.205
131.423
-134.104
115.106
-123.74
119.337
67.825
109.676
160.355
-29.104
-186.933
199.749
-129.802
140.11
170.084
-34.251
178.999
-158.948
-80.159
160.837
-185.169
179.502
-122.77
-174.646
96.062
-92.331
-107.386
-187.783
160.245
115.623
95.75
146.913
171.305
-151.682
-170.815
-70.084
59.228
49.559
12.302
-79.688
14.196
-195.896
110.749
161.82
100.346
-156.956
-71.371
-24.913
23.718
67.256
-120.995
-158.529
-23.774
-27.762
100.648
136.961
187.303
137.479
89.598
-162.717
13.982
-71.299
-108.345
-16.153
128.706
-161.63
-21.141
81.57
-93.202
109.426
111.812
170.349
-93.876
23.539
-179.458
-91.106
56.394
43.838
-87.635
30.317
171.204
-23.394
-140.189
-71.673
151.623
-193.543
8.581
163.919
57.483
129.371
-15.387
91.1
-104.018
103.714
-151.506
155.599
178.878
-119.846
143.123
192.854
193.502
92.939
130.747
-142.701
-66.543
-124.45
0.412
-187.243
-184.202
76.615
-129.313
1.733
140.792
-7.155
43.743
-90.271
-31.428
187.721
-164.221
190.372
142.304
-196.831
155.089
-169.298
90.234
63.728
-168.091
6.376
-80.098
99.746
-153.402
-180.486
-58.362
-122.819
-65.82
-117.658
-152.878
-185.342
171.487
1.657
-70.81
-77.799
-94.712
63.035
187.282
-32.112
41.267
-155.95
-172.989
-55.059
123.144
193.719
132.674
-43.204
-161.094
-50.359
181.739
141.969
-175.879
-177.8
-28.669
100.265
-190.059
-194.579
-187.435
136.196
141.812
184.837
170.574
-21.274
100.954
-42.665
-196.366
-74.492
-123.745
126.194
150.689
-172.335
3.752
14.993
125.326
151.253
-93.031
105.929
-17.793
131.276
16.71
98.765
-172.624
120.711
-156.063
-161.53
100.746
80.297
198.623
198.872
150.608
-160.707
62.323
-64.118
128.967
90.118
166.849
-45.192
-128.316
-83.608
192.898
-11.589
12.952
-191.282
127.606
75.362
-71.264
145.971
-128.648
-99.529
31.036
14.501
6.419
-45.818
168.63
-166.229
45.685
-19.084
-134.203
-69.692
-63.699
33.079
160.651
182.776
44.665
4.816
42.559
14.33
193.091
149.81
8.977
94.188
150.156
-139.423
38.99
-153.239
-128.833
-40.973
154.347
47.019
83.126
127.105
-127.574
47.69
-137.894
-152.296
151.682
161.414
134.109
-193.635
184.955
-18.855
189.411
175.818
140.449
-103.624
91.808
-9.307
128.026
-146.451
23.548
165.602
117.06
-53.428
-73.004
-5.738
129.565
-117.684
47.952
-173.834
136.276
-196.428
135.164
-147.158
-150.495
-14.685
46.639
88.443
100.248
107.034
-108.587
-198.999
185.782
90.43
-158.663
41.387
11.941
56.936
-16.109
27.829
-114.051
168.765
-160.886
186.158
-67.141
-7.877
-74.259
31.97
-75.866
25.789
-111.628
-88.532
175.365
-114.089
-132.335
-123.163
75.328
-170.112
64.432
45.413
193.69
-192.658
6.769
-28.482
131.78
187.876
22.088
86.222
18.252
126.049
-83.429
-129.948
-140.763
-14.834
-50.979
110.138
-169.758
95.405
21.274
158.354
45.264
71.706
1.574
6.781
141.963
97.148
-30.15
163.094
-97.357
86.571
17.731
50.896
126.807
-43.337
-111.764
-177.733
146.442
116.337
-183.844
28.952
-115.984
-1.806
-165.042
-178.931
-128.688
98.588
-109.422
132.335
-13.064
74.941
-105.327
-145.025
-148.412
-160.178
186.629
184.637
5.079
155.866
114.25
78.531
-29.752
25.071
-78.728
116.365
-103.985
103.517
-190.978
83.557
-131.709
-146.669
37.194
-22.163
185.507
-190.543
147.567
-1.788
107.13
-173.495
109.057
-27.658
57.567
91.433
-6.869
-36.917
67.264
-71.58
2.715
117.678
-133.39
-106.699
-93.118
-191.635
-181.588
39.877
-123.529
-192.099
-23.292
-130.291
-199.891
136.448
-191.715
169.126
-156.104
-166.931
111.026
-65.991
43.403
77.219
199.726
-56.776
-140.366
-132.518
-168.717
-107.176
20.365
38.098
52.127
88.922
-128.756
20.878
-16.18
21.696
-177.812
-29.034
-157.544
-131.775
-102.986
-177.89
-156.008
155.529
-165.285
-174.624
-166.277
-113.35
-176.719
115.653
-138.682
150.141
49.105
-50.018
-59.834
-49.649
69.299
-41.59
-47.118
-102.706
-77.883
178.261
-148.989
198.883
-192.515
-183.767
8.679
-2.36
149.844
-186.139
-85.928
-133.159
-133.6
168.444
157.581
-145.642
-176.748
183.448
-145.104
-61.595
-24.604
-34.611
-120.868
-156.559
142.445
-46.279
-146.132
-58.611
-149.054
-169.538
-172.885
93.023
-69.809
-155.32
162.402
146.105
-129.263
155.048
188.591
-51.206
40.975
100.712
41.215
-149.279
8.045
157.693
14.017
-176.091
96.649
-57.021
34.173
23.78
-199.898
-167.467
14.662
92.569
33.252
117.889
-195.563
-32.665
-37.999
-75.837
-139.172
53.363
63.473
-110.979
186.166
-15.593
-153.727
-199.975
-186.389
53.827
51.663
-18.842
-127.206
-121.161
48.254
-113.758
157.435
-28.523
41.115
17.425
-193.358
-49.645
-89.276
-3.481
39.59
-38.35
192.413
141.352
196.786
-126.455
196.804
22.689
102.248
145.505
-33.257
-16.616
-33.737
164.152
68.621
147.632
123.573
-130.513
-193.433
112.227
191.789
-163.864
-36.143
51.702
22.164
-149.325
-32.734
-168.907
-131.88
-179.435
41.976
-6.879
55.946
-16.056
-92.779
140.044
164.118
44.434
-166.567
128.405
165.779
178.895
143.319
-77.631
42.472
-17.947
-93.633
119.581
-50.739
-8.566
-45.088
-69.429
45.492
-53.738
-95.325
76.441
48.206
1.743
-127.635
184.661
-182.988
41.8
198.045
150.243
-77.241
-138.935
-96.842
187.46
170.263
10.39
121.314
-4.896
32.573
76.421
157.632
-173.83
122.547
-107.007
-63.233
-49.156
-146.712
170.475
116.129
94.871
-21.306
177.976
50.259
44.715
118.992
-36.175
-174.311
-57.464
-58.792
6.781
192.74
-128.364
-143.405
-47.315
-7.894
182.002
45.682
-180.358
-187.864
64.474
41.451
113.551
23.951
114.742
-196.329
111.692
-192.607
37.345
-197.363
165.585
63.986
-157.309
58.718
-183.057
-156.473
131.969
122.558
-50.002
166.15
130.073
173.255
-35.77
-87.949
182.431
-83.214
112.098
146.355
-162.993
-156.231
181.346
-34.034
33.26
-178.644
-107.186
-28.502
50.736
103.288
175.606
80.08
-4.916
-67.463
-83.249
-74.122
75.408
24.981
-50.555
-131.708
187.647
47.115
-13.46
-3.511
-85.422
51.086
-94.669
162.676
-32.773
43.874
-43.547
196.568
-175.768
183.559
113.772
56.581
136.41
30.146
180.213
-79.352
-176.039
-30.516
-185.482
91.503
-37.486
123.631
-185.682
-61.986
171.393
179.46
18.491
-141.085
3.279
26.433
82.36
50.871
97.603
101.988
-28.986
55.997
-60.353
26.359
-188.297
-11.793
-147.115
43.125
165.07
69.284
117.935
-38.179
-138.976
98.815
189.437
19.411
-45.071
-87.875
112.361
124.853
13.025
-159.68
-135.817
-173.833
183.843
-63.167
199.553
157.947
50.56
-65.038
-130.226
-15.049
-121.463
181.632
150.603
69.81
-59.101
-44.058
-103.923
-193.939
25.098
4.709
172.126
180.748
-25.443
-165.454
55.339
-168.316
-152.551
-33.381
115.904
-52.641
125.349
69.544
0.715
40.09
85.257
-87.992
-123.422
-113.455
76.95
99.624
80.552
-99.962
106.609
-116.323
-187.161
-72.207
13.983
-153.612
-144.932
-65.302
-47.319
-67.766
134.158
-73.203
145.614
-57.449
191.133
188.433
118.419
-81.409
14.211
-158.25
83.401
-167.642
-192.432
71.598
-48.096
41.783
-182.552
-56.687
-52.242
-47.919
-122.617
194.559
-39.169
-135.872
177.117
-49.082
52.465
-77.155
-71.434
99.858
60.172
-184.24
160.697
-58.42
112.092
75.912
-55.303
8.641
157.27
-78.876
-182.671
55.359
89.18
-94.331
-183.543
49.512
-107.545
63.983
-117.452
-111.628
-177.735
7.541
39.515
-130.7
10.833
-106.973
48.058
116.82
66.874
141.394
-10.609
43.249
-167.05
-87.408
155.979
-91.086
176.383
128.867
-110.194
195.666
2.446
-103.961
27.483
10.982
115.925
11.047
61.108
120.549
80.548
110.14
153.873
-47.82
-151.394
-160.169
-43.641
152.906
14.824
112.064
-136.694
161.733
-168.198
99.48
191.992
-127.773
-83.172
-20.208
-125.559
-153.167
97.077
-184.275
44.043
45.492
-56.44
87.752
-123.872
-39.707
93.817
12.133
114.637
-12.067
141.209
-167.026
146.585
193.158
74.787
-34.081
117.474
72.211
-140.165
-159.609
137.848
-194.816
-18.971
154.902
-167.426
87.181
165.152
-114.152
-171.409
195.498
-91.104
27.907
145.488
-190.925
159.621
5.642
-0.788
-161.903
91.654
134.772
-136.435
140.62
178.404
-161.985
-137.471
-100.174
188.496
105.95
-63.772
51.054
189.252
-82.458
70.897
84.351
-176.578
152.887
-79.449
61.419
3.328
147.237
-134.853
75.4
118.818
-50.621
-191.066
-182.505
-73.95
149.757
146.426
152.056
112.992
-121.026
106.092
-6.566
-16.143
62.128
21.243
-189.65
109.828
-135.117
-31.891
-80.046
-39.288
-28.155
108.895
-154.419
84.283
-112.285
161.381
-63.683
-188.24
65.014
-158.312
36.666
184.21
157.46
-136.095
-42.088
190.295
15.118
-105.643
-169.654
-112.45
-38.464
168.377
-182.375
43.178
51.001
1.46
-35.99
-170.12
-24.838
-187.9
-15.279
75.153
-37.857
81.964
46.399
133.67
-29.162
81.318
35.605
12.097
28.864
-122.991
27.75
-68.164
27.264
170.816
124.265
-72.006
-80.367
-180.309
96.344
79.671
-37.028
161.911
84.432
99.538
187.69
2.164
96.213
105.342
-58.149
80.432
76.677
83.419
189.192
18.714
181.29
57.171
152.75
-43.991
-171.209
93.643
9.425
39.652
-8.736
180.541
-178.043
-56.669
-165.35
53.287
-165.182
-177.3
-72.73
-124.695
-154.196
-95.244
135.487
141.412
-124.004
138.739
139.04
149.715
51.768
158.868
-3.995
163.299
22.473
146.678
-60.509
81.038
45.98
-145.006
29.76
-68.821
-38.89
-84.386
96.42
-143.199
2.417
-188.609
48.378
-88.841
-171.14
20.591
-18.979
-101.632
-87.361
23.654
160.594
-194.119
-67.992
-194.414
-8.913
-176.309
-64.882
126.728
-23.936
-10.542
194.115
189.427
-190.569
-5.42
28.315
107.904
31.691
30.616
-6.034
76.062
-107.164
-66.209
-193.792
-151.633
-158.553
194.904
-31.118
4.156
-149.562
65.692
-193.375
26.745
1.239
89.544
15.77
-51.815
-69.04
-134.992
145.189
198.248
37.478
-67.175
16.853
50.987
-58.339
-159.474
70.945
19.309
55.898
-114.447
-173.02
15.437
109.733
178.458
-23.931
-99.564
66.704
73.89
-146.686
-41.403
-95.757
-118.656
195.087
-181.696
-109.259
-54.803
108.942
192.755
-46.23
24.04
72.225
-134.414
-98.581
-54.242
127.165
-130.686
60.263
156.295
49.381
-83.881
-178.201
12.193
129.531
-57.105
191.628
-30.589
-174.337
75.31
4.991
27.942
-134.437
131.749
-173.713
78.35
127.934
-4.78
-153.717
167.302
-100.63
91.934
-124.696
-17.557
-147.837
69.931
66.054
-137.512
86.96
195.899
180.101
112.951
33.509
179.806
-159.913
80.992
-147.279
49.243
-97.181
157.582
-28.16
147.095
3.779
-63.527
60.23
109.745
184.963
137.418
13.26
-190.094
-188.711
-64.607
-181.718
-58.941
-145.025
114.064
82.045
-43.461
-64.029
-119.21
113.964
187.87
35.987
32.107
-164.794
-74.419
190.471
-90.466
109.636
114.811
-180.164
77.721
-63.258
133.832
-24.994
-77.242
-90.257
187.162
-36.124
-3.289
-151.106
-25.966
192.605
169.588
10.035
-44.138
75.062
-72.962
-197.773
-4.891
-152.211
-163.535
92.065
-166.035
54.667
-169.343
-135.357
38.123
-99.302
-95.655
80.97
-90.959
150.549
-42.801
11.095
-162.866
134.711
99.658
121.548
-157.481
-170.556
159.022
167.272
-71.367
46.646
127.693
193.745
99.264
-170.863
28.828
181.293
-79.326
190.275
-8.781
133.769
-94.25
89.881
-137.555
-43.835
-70.771
129.009
6.063
171.857
-91.796
24.544
29.913
-98.931
2.103
-126.503
-162.726
169.426
110.183
-116.256
-2.625
87.766
155.113
-174.007
-0.956
-180.584
47.061
31.195
-124.816
-112.049
122.053
-4.436
-12.995
-169.051
-32.321
78.445
-141.366
-139.673
123.52
168.056
-89.217
69.095
59.862
110.638
-47.622
-114.341
33.74
130.224
-184.035
-178.74
-186.823
104.771
120.397
122.515
67.542
194.669
-145.643
187.704
80.181
-5.936
-146.747
-130.383
54.008
19.79
72.749
51.712
20.17
-81.851
-142.603
130.195
160.519
43.853
-110.88
-171.488
-136.524
-168.966
166.991
-83.887
19.308
-94.648
72.743
177.662
-22.867
-45.934
-4.908
107.948
106.76
-89.817
-171.988
86.851
139.283
-32.114
194.43
-17.59
160.958
114.34
29.093
120.04
-147.211
-188.74
-166.467
-52.246
24.277
-148.323
-41.796
84.563
-124.818
38.918
89.339
141.846
-44.995
-83.165
50.715
111.455
33.726
2.368
-13.023
110.59
42.988
84.723
159.636
-31.736
-132.85
-20.11
-79.501
177.71
85.438
70.264
-77.037
36.12
30.602
58.21
4.687
-190.327
198.92
51.776
114.685
174.044
160.712
46.969
86.92
-29.775
-116.855
38.394
-121.562
130.954
-26.106
106.721
61.78
-167.258
146.878
-57.658
-190.755
9.572
66.815
-17.294
47.463
-30.775
-33.442
-23.186
88.595
-163.281
-108.963
-61.342
102.195
81.306
-108.414
-121.34
-165.69
101.389
156.065
146.909
-196.267
-160.577
137.754
76.7
65.502
122.617
-168.284
62.467
192.825
-63.73
-134.132
-15.318
-69.978
-189.623
-152.703
-92.731
137.309
-144.231
-165.912
131.909
57.764
15.379
16.573
118.216
-97.89
-188.275
-10.086
76.978
-181.138
90.353
133.064
-174.994
-17.02
-121.528
27.966
-83.708
-58.787
103.289
-18.307
-152.875
51.222
-47.511
174.965
-79.368
191.323
-9.243
-47.578
111.387
199.959
78.635
-85.561
-58.781
22.332
-105.245
147.255
-80.88
132.792
153.601
-81.871
-154.013
161.314
-142.273
-176.566
4.047
54.637
-79.572
172.671
-112.729
56.534
-86.511
-139.687
-111.553
-148.971
-118.47
-31.273
-71.5
79.736
-97.634
99.08
-174.901
-148.105
103.715
24.248
-44.296
-136.82
123.262
-99.308
168.213
163.044
-61.256
-73.455
-33.502
137.263
-99.591
140.214
85.496
-171.822
-98.999
-178.649
191.635
87.216
-45.834
164.584
-55.284
69.783
-136.441
67.588
-94.354
107.583
-0.565
162.418
-85.241
-37.446
1.282
-2.194
139.336
107.976
-116.461
173.019
115.128
109.977
-24.843
187.52
127.347
122.655
154.482
174.709
70.714
46.209
-68.291
179.038
118.385
118.78
139.052
-158.274
-60.616
-126.576
149.35
-31.546
-59.448
-62.636
-109.697
-81.312
-13.182
160.41
-38.448
171.333
153.986
130.816
-62.219
-89.085
161.19
119.032
-125.149
75.942
191.418
-102.324
180.975
199.724
-147.192
96.6
48.833
-136.134
87.352
178.387
-93.852
121.541
-99.312
-43.693
-16.342
125.847
-63.254
49.766
139.418
-137.948
-141.393
151.226
75.314
102.599
-105.925
-59.547
-184.014
151.338
-75.903
-23.762
174.745
-160.685
-191.813
-116.561
-5.059
11.043
41.046
-31.821
154.168
21.076
126.322
83.499
119.625
158.503
-170.065
190.916
-107.629
-59.963
158.714
133.932
195.356
83.759
146.955
-32.504
-97.942
116.741
-111.549
180.059
40.578
17.172
-171.893
91.895
169.395
-14.028
-171.231
-161.269
-38.036
118.056
161.045
41.456
186.628
-46.42
-87.038
-14.997
158.132
62.246
-103.577
196.839
-158.694
177.054
-186.907
48.607
-113.921
-74.737
-97.627
-29.19
105.392
-76.234
-114.053
-44.156
-7.585
192.004
158.038
95.066
173.037
-114.405
-28.293
168.155
113.881
-140.124
-54.732
-134.982
44.51
-57.989
168.749
-144.522
-3.883
145.387
-191.401
-41.825
62.0
22.281
-164.762
60.827
-137.972
136.499
140.147
-134.62
-90.54
-116.93
27.687
71.845
196.41
98.409
-160.984
124.258
196.227
195.997
-37.872
96.395
-117.34
166.09
-149.191
122.91
-108.383
-86.87
-100.736
159.378
-87.843
-160.507
-121.588
-182.661
57.327
47.12
-155.632
-16.143
49.018
85.449
-32.404
154.654
-101.897
42.489
-166.945
186.07
-113.19
82.828
91.309
109.054
191.421
99.329
-178.0
68.977
-102.415
-138.219
65.454
121.578
-181.017
-70.798
178.348
-86.73
-36.389
124.404
-96.229
38.409
27.044
65.974
51.327
16.037
116.89
-74.356
0.057
161.906
-50.059
130.295
107.525
-60.029
-121.599
-158.708
-102.577
-11.68
-110.481
-0.162
181.755
97.456
73.23
-38.111
-164.678
-101.063
55.854
-166.989
-70.589
172.285
138.404
94.846
-32.147
37.137
-176.702
-159.196
-187.956
-91.875
-126.305
119.861
145.196
-65.591
-115.603
19.947
98.425
66.622
-69.784
84.346
-78.31
-147.284
-158.926
2.549
-45.937
44.223
-65.312
147.972
83.523
199.129
132.962
164.955
-188.904
100.926
-144.236
24.953
44.688
24.123
144.34
33.213
5.369
50.261
-62.12
121.639
148.654
46.027
-144.208
189.5
78.337
195.156
73.479
-119.783
132.824
10.415
115.356
137.654
-41.674
34.232
163.781
-104.338
-29.538
-162.045
60.806
31.179
-144.374
-123.529
-110.216
-90.726
-28.07
77.433
160.271
76.437
-105.074
-55.84
-80.919
193.55
-23.04
122.479
-127.689
97.548
169.003
144.348
-106.651
-63.592
-149.796
-22.741
128.581
78.453
160.447
-108.476
-165.129
33.629
-65.053
-159.545
190.489
25.031
28.392
-81.444
-109.206
38.446
66.463
106.663
-175.372
159.631
-149.937
37.868
-53.461
119.539
108.065
-122.529
146.258
108.554
-96.84
-190.812
-53.218
-72.102
121.866
168.518
37.622
-116.51
172.522
59.823
9.845
-87.289
10.499
-63.192
70.982
30.39
-32.759
39.422
-194.101
-110.724
193.443
-33.261
-18.366
-166.262
-48.297
-6.008
154.913
-85.215
-67.6
129.113
-145.367
91.197
14.642
-20.622
-118.497
-42.006
-141.379
-162.321
-81.631
-186.06
138.035
-165.286
-69.421
-157.535
-124.511
48.262
-130.759
-22.999
-128.343
110.251
-189.897
-162.582
102.081
146.045
40.57
-108.87
60.526
-50.117
-129.589
109.729
21.946
-165.773
150.894
-135.323
-125.453
173.989
43.623
79.676
27.565
19.854
-180.113
-77.218
-142.103
-198.555
-28.998
108.375
101.379
-105.003
116.06
182.718
80.832
-137.044
53.927
139.179
48.81
-88.204
-29.359
-59.734
-100.92
-4.474
135.084
79.844
-4.119
-58.539
-4.072
-43.503
-198.182
-155.521
-187.319
-158.563
32.563
-182.107
8.348
-19.787
159.397
31.89
102.782
-56.484
82.036
22.297
116.359
-81.689
-48.994
14.51
-33.823
8.791
36.126
111.538
148.923
-83.798
101.448
-58.628
-168.772
-153.464
-191.316
-77.633
71.74
3.662
181.408
-8.821
58.428
118.664
53.222
191.482
-91.277
90.668
147.119
132.181
133.366
-194.258
-110.467
45.656
-78.499
107.233
-125.938
-116.05
168.418
169.203
-71.153
-148.63
-186.306
64.874
-198.018
170.211
152.144
178.917
2.241
147.016
-134.658
117.517
195.717
147.094
3.5
154.476
-69.875
-108.302
183.85
-11.271
139.813
-164.358
175.235
-47.549
-164.228
-151.364
-5.488
16.712
36.375
13.619
-170.902
175.767
154.435
-72.368
20.391
-122.452
-21.79
-67.314
133.871
-12.768
-118.714
-199.067
199.342
-33.291
84.704
172.486
-112.81
-163.109
156.133
185.912
-182.211
185.791
112.351
-96.108
-118.299
192.949
-195.337
-8.433
148.581
-69.566
60.544
-2.183
-178.969
-109.633
-79.999
192.228
26.422
162.223
165.697
54.932
100.618
171.264
-26.294
196.524
188.991
65.705
-73.56
170.677
-118.281
-149.247
-192.214
-54.017
38.783
49.009
-146.775
62.853
150.143
-167.444
-35.654
-82.231
79.656
-49.713
182.159
105.566
-26.526
-199.798
-19.613
-132.06
-113.375
198.808
-126.811
-66.838
-99.828
175.223
107.765
159.046
-142.697
68.313
-47.907
175.676
-182.527
53.737
-16.474
37.015
167.149
-173.41
198.73
-95.631
-97.762
5.29
121.039
-107.767
-0.817
-92.468
34.545
184.497
-133.111
65.753
166.703
63.208
100.197
15.637
73.623
17.461
134.159
-12.352
44.024
90.984
-175.417
-159.494
-67.721
25.555
-101.714
-131.455
95.146
-71.752
-124.143
60.592
50.67
8.199
51.768
-7.719
-191.807
-174.686
-148.564
-11.641
-69.583
-192.285
150.684
130.469
-30.619
-33.108
-145.14
-148.696
-65.704
-128.834
137.605
170.228
40.613
-120.355
45.638
-132.141
-15.973
-112.453
-88.406
-40.938
-94.78
-78.662
103.643
-110.276
-175.994
-132.935
-141.374
-170.983
114.688
-98.258
-144.884
-152.904
-117.625
182.682
110.114
134.198
-11.532
83.95
109.244
177.489
-75.933
27.74
179.707
-189.439
-168.779
-88.42
110.475
182.278
-20.965
128.832
-198.211
58.36
28.65
139.481
-42.874
-186.042
68.404
-26.975
158.836
-135.298
172.62
110.852
85.791
17.68
43.396
178.9
-16.905
-161.472
-68.523
-61.996
87.307
-99.294
147.791
-18.514
177.697
-161.325
175.352
-11.778
54.635
144.653
-199.069
145.557
-15.704
192.307
167.767
-164.121
-100.272
-128.733
-22.523
-142.845
57.168
3.979
190.119
-196.266
-86.83
25.368
153.172
-187.462
191.69
-136.08
123.304
-66.393
-44.46
76.565
45.572
-126.35
179.284
-178.369
-15.519
-55.955
-132.0
148.109
-69.51
5.203
-173.203
-64.295
199.995
-16.091
-62.768
-111.408
-106.914
99.336
-106.31
-100.477
148.819
-166.722
-95.544
100.711
49.235
141.288
70.245
113.73
165.591
160.462
-162.223
98.82
-108.102
161.436
-18.349
-109.635
-44.503
-12.436
-175.249
3.143
-131.851
167.91
-26.673
171.347
149.399
183.775
178.237
83.934
112.0
-186.148
-3.04
-59.412
-98.925
106.512
153.506
-54.071
-190.664
-95.889
-34.678
187.682
133.555
-164.359
-113.288
163.958
70.942
181.903
173.647
-119.578
93.972
-138.35
158.796
68.335
-129.925
7.576
-193.855
-25.385
-50.834
-191.797
-84.919
-168.852
-71.546
28.323
-80.48
53.383
45.953
-90.772
164.011
-174.38
133.184
67.073
-39.072
177.775
185.423
128.995
-181.034
-53.706
-18.201
171.562
157.844
-48.758
182.471
73.164
-117.516
-61.901
114.11
-100.066
-114.202
-136.433
-178.293
119.029
-69.275
94.771
-138.172
-133.164
-167.111
46.662
-135.068
-39.531
-171.361
-181.335
168.547
-8.459
-112.629
41.47
38.257
158.895
-67.556
-140.993
-152.489
193.197
176.124
127.371
168.487
45.219
-45.931
149.343
-62.698
-21.895
95.734
-151.62
19.735
142.738
-39.395
101.121
138.577
182.752
-126.1
-25.667
-18.014
-47.103
-93.29
5.665
169.721
159.325
1.178
-44.727
125.854
162.536
60.225
43.773
-111.283
67.08
98.213
91.78
-91.353
47.362
166.939
102.206
95.211
156.104
178.807
9.839
110.391
62.774
112.635
-171.201
-69.157
48.394
-47.19
-47.203
78.594
-83.11
53.204
-131.241
-185.545
98.295
195.454
-81.686
-142.344
184.213
-112.821
-81.2
-24.626
98.211
192.795
-123.63
107.901
-90.227
-83.965
-98.292
10.025
-7.847
-148.173
114.998
-120.741
-7.157
35.718
187.914
-56.601
119.124
142.76
-175.758
-52.004
-46.378
146.068
147.554
75.215
112.21
103.276
125.6
-68.308
24.454
139.772
-64.967
-4.478
101.224
-134.031
69.365
26.901
-85.774
78.918
-144.278
70.803
-162.762
-158.643
75.893
-82.63
135.739
-97.72
-43.56
150.009
5.13
41.757
-157.073
-156.504
-26.331
49.266
-177.751
-119.779
-166.313
91.322
-110.621
40.686
181.463
117.456
147.833
11.905
136.105
-136.776
-82.403
92.652
5.845
-70.764
97.871
75.917
-40.159
-190.546
180.355
104.975
2.661
70.437
109.878
63.336
129.16
108.954
-33.019
-128.609
-96.837
-113.557
-119.661
84.491
-6.156
-14.034
-77.485
146.666
-94.558
38.037
5.536
86.343
-189.606
-111.901
-31.812
-113.355
-23.332
51.217
55.71
40.343
96.697
193.125
174.969
42.21
-140.329
85.45
8.894
7.274
-9.307
-89.331
-124.392
98.596
111.704
-190.709
-8.728
-167.528
197.0
-167.941
-70.157
-165.29
-189.652
45.773
113.169
-15.986
176.329
108.967
-199.166
-149.267
-37.335
-76.059
-23.51
141.508
25.927
153.263
128.817
-116.51
107.85
-121.103
119.945
104.636
-57.234
-149.238
34.756
-177.69
-178.27
121.86
169.478
-141.969
-60.775
118.086
-111.685
-103.11
105.721
189.055
17.901
-120.725
195.691
-109.63
-23.999
-63.145
102.072
178.938
-184.095
-102.848
61.378
-62.598
57.93
-57.829
-116.272
118.809
188.959
27.32
39.729
-137.004
134.662
-27.33
89.965
-96.394
-88.992
1.134
151.232
-70.341
-102.008
-102.436
181.555
12.19
-146.788
-122.147
-191.837
-146.48
84.743
-128.684
45.208
-157.493
10.811
168.847
-101.984
116.247
127.387
-156.665
121.589
-168.775
-15.075
166.88
36.755
171.3
-53.148
-97.605
-101.731
46.117
22.863
-162.874
-136.884
197.532
-21.799
24.775
109.591
-23.518
-31.845
-151.827
-94.171
-96.836
107.733
-98.311
175.356
23.589
-114.67
-1.14
135.869
-126.956
-79.315
-98.494
-170.254
6.817
76.173
-192.755
-68.951
-164.622
-76.79
-155.438
39.14
-93.346
42.939
7.461
144.211
-184.612
-143.513
189.933
115.685
186.566
-197.355
6.073
135.061
71.006
-162.395
-167.172
89.079
-36.789
15.531
54.508
-152.928
-65.038
39.26
-169.099
98.497
-103.59
-114.708
-183.73
-45.364
-72.787
-170.897
-149.446
-47.552
-10.708
51.078
123.947
-15.883
-168.769
-53.349
-173.217
13.558
97.628
162.36
-36.153
193.789
47.639
-147.094
23.422
31.977
-87.221
-22.13
95.254
-192.365
-156.283
-61.929
-143.404
-30.935
-30.171
38.507
105.41
82.824
107.072
-167.246
-129.479
98.487
151.432
6.112
-23.414
-53.389
191.101
-114.803
129.878
-127.515
158.08
31.81
-141.041
198.098
8.545
19.287
-162.003
-6.732
-130.1
-39.121
-23.473
-33.973
64.039
125.734
-42.551
-99.866
97.337
-109.675
-177.047
-140.301
-183.013
153.153
-65.529
109.737
153.447
-99.668
-156.709
140.904
-169.851
-116.968
-43.937
22.964
124.781
-195.749
-146.007
23.434
-133.98
-37.996
74.248
45.063
167.374
-158.683
75.518
-25.072
58.722
173.303
-89.567
-29.856
36.946
147.6
-160.804
-92.108
-198.883
55.842
60.418
8.914
-59.602
-168.323
135.109
175.811
107.556
-10.831
-11.79
121.504
-10.064
-55.496
-87.442
-62.053
-66.611
-28.786
19.071
37.953
-190.017
44.392
-195.7
40.525
-134.949
-51.148
32.663
127.579
-145.406
93.119
-2.422
-71.618
197.106
183.242
194.515
167.27
132.065
-45.912
158.287
-167.474
105.575
-173.423
54.576
156.703
16.84
0.562
97.241
52.326
-36.975
141.725
175.194
-86.566
13.508
168.702
-37.588
6.937
-58.5
193.2
-75.067
37.152
51.102
171.645
80.776
91.205
119.232
50.589
-95.072
-192.34
31.736
139.371
168.641
-9.743
-161.684
10.659
134.392
57.79
113.35
170.144
82.747
156.113
7.735
-127.622
126.748
31.663
-5.814
198.05
125.495
-12.585
-152.305
80.666
-154.953
-159.205
-121.501
-109.579
-67.81
-96.841
149.866
82.188
138.039
102.158
-107.64
-28.791
51.982
192.64
193.646
-110.839
-163.599
20.122
-67.055
-130.775
-89.681
-37.41
-165.12
161.153
-153.457
59.706
49.783
-158.608
124.84
-95.361
-5.259
103.188
-92.425
121.358
15.616
73.337
-89.576
90.462
62.603
127.816
31.292
-140.32
116.698
-22.049
192.851
-67.404
-138.644
-25.397
-143.407
-14.727
-94.284
-62.153
144.02
-147.957
-116.695
190.954
-138.146
-165.851
52.69
58.266
16.951
-195.804
-57.437
20.166
-68.088
191.758
-168.706
-126.055
-149.805
-149.108
75.209
-42.488
-116.286
-185.69
124.059
80.195
-114.56
-9.757
168.769
-58.019
116.518
-89.549
-166.811
-105.755
-156.471
14.755
-96.885
184.788
80.088
187.245
-189.162
70.339
41.057
-177.645
134.517
33.368
-184.401
45.291
-106.517
-121.823
-165.962
-16.532
180.99
21.924
43.232
29.424
-9.853
126.606
170.506
22.372
140.114
189.626
-193.174
-124.648
-32.855
-188.99
40.822
-145.163
-152.996
-28.654
-47.899
-80.196
89.249
92.147
-17.449
-91.375
195.122
100.338
24.312
32.504
196.558
-134.96
6.287
135.1
-115.257
126.432
-176.263
-173.561
145.386
-188.57
-184.207
-169.037
-174.596
154.415
-149.282
-193.206
-16.937
-142.91
174.286
18.735
23.488
155.919
3.49
-119.313
194.607
137.663
85.247
83.511
189.458
159.905
-187.661
116.151
-2.455
59.302
-180.053
-86.163
174.642
112.847
99.548
-144.551
-136.589
-190.936
-177.738
12.586
-65.691
99.668
191.374
-166.217
97.356
58.689
-74.376
-92.636
152.087
-120.109
125.676
-9.431
1.248
108.276
-167.772
120.758
130.529
-26.908
-85.309
-11.036
-107.939
114.307
61.217
-171.647
-113.493
-175.732
-31.271
-180.294
128.298
-141.67
-77.973
25.421
29.61
198.246
62.588
145.529
147.822
-23.721
-35.468
-1.75
-171.191
112.047
56.241
-70.57
161.566
-0.004
-63.055
-144.676
-120.876
-35.741
1.248
121.716
38.439
-142.706
-169.255
86.94
53.195
-76.787
118.464
192.402
-188.257
124.104
-175.347
-28.755
-110.864
156.486
83.328
-7.296
51.217
-28.64
13.139
-190.649
136.616
43.932
159.93
-33.269
-34.547
65.731
-10.571
136.818
-111.572
40.292
-44.629
5.772
169.479
138.653
-96.512
-159.478
104.889
110.27
96.627
-142.193
-21.358
27.437
50.635
-33.286
20.955
-105.576
31.303
30.045
-154.904
19.394
-130.863
-158.447
-43.448
168.122
117.097
76.549
-120.941
34.67
-77.036
-166.824
89.95
54.925
105.315
1.07
-80.402
92.02
-90.048
-58.667
158.415
-132.243
-75.999
6.504
140.707
-126.724
-117.088
-101.216
-11.623
50.884
-196.953
143.33
43.067
-70.882
121.137
-169.641
42.29
78.535
-145.809
-11.487
-121.365
135.15
126.731
-198.206
-176.795
-116.762
-171.767
164.165
142.633
-1.12
133.543
139.73
-3.268
-71.845
-48.242
78.351
-184.104
-144.701
99.328
179.139
199.835
92.506
-53.085
33.52
84.912
175.732
-59.879
80.645
93.284
0.984
96.469
82.297
88.352
103.299
-79.512
98.414
-7.79
-197.809
-42.835
-151.531
-142.337
-108.245
160.749
-198.595
-84.271
47.697
-106.808
-97.146
171.261
125.167
192.001
-140.825
-50.189
-51.459
-87.588
-102.43
-27.043
-108.681
-185.506
13.127
41.388
-105.569
199.029
-7.591
-93.877
64.318
44.78
157.421
-96.971
160.206
-8.59
155.16
-156.542
151.824
-141.192
-155.603
46.377
21.888
-166.027
133.964
127.129
-152.142
54.039
133.396
168.52
56.461
73.488
45.559
110.437
1.854
157.937
32.17
111.526
94.092
-16.441
22.477
185.41
-116.574
87.669
-194.322
120.132
-7.797
150.73
-115.067
89.527
181.966
-138.938
-33.209
128.663
182.071
-39.924
-88.409
85.676
195.519
18.897
-142.647
46.333
161.168
-121.748
164.238
64.168
-125.759
-173.006
116.593
21.885
198.998
158.627
40.958
-160.81
166.624
16.172
-29.339
29.369
-146.27
38.991
-33.388
180.862
-182.184
-64.596
-129.574
-84.681
82.298
-25.853
110.964
-91.501
16.799
-102.644
-116.791
80.215
129.57
-94.624
143.088
76.371
-0.317
-164.134
-197.573
-195.366
194.498
-104.723
27.872
-191.156
-45.261
-38.99
-59.391
-98.299
106.336
157.098
36.06
-127.143
-47.223
-185.966
-3.322
-3.371
-35.125
-38.862
-71.916
100.078
3.466
-13.016
-29.936
-166.79
-137.746
44.091
195.08
39.377
-42.905
43.881
-7.479
-21.054
-86.72
48.826
81.643
116.339
-71.001
-107.375
81.221
12.691
-180.78
-8.706
-33.085
-25.4
-84.313
-107.31
-42.945
34.045
-149.765
4.366
-54.045
-78.372
61.515
-52.847
-186.815
-110.377
-116.838
41.492
151.74
-116.49
137.93
-63.862
-31.523
103.619
-167.52
-180.692
-166.384
-39.053
-146.824
24.989
140.329
-128.184
151.769
122.628
60.268
-165.572
-20.552
63.861
-152.71
84.378
132.941
143.421
-147.545
107.452
-98.981
8.642
-180.752
7.269
-195.022
27.024
91.387
96.934
136.014
85.875
173.961
-101.967
-194.064
117.515
26.206
10.458
22.728
-64.059
-98.312
122.668
-2.726
-145.514
-55.258
-70.283
165.527
-187.173
49.081
125.653
-81.811
-93.545
-145.691
-159.797
48.032
-193.187
-150.98
-54.121
-129.604
-191.045
-183.615
59.295
187.872
179.641
181.712
-152.48
-70.922
-197.694
178.536
-167.974
-111.576
-20.27
97.986
111.051
-71.904
-94.191
-41.646
-183.357
162.67
-192.392
-130.16
166.891
81.092
-60.349
48.161
163.44
-102.067
137.124
-139.913
120.286
-47.528
-183.554
181.753
94.945
133.137
7.524
172.987
77.456
94.181
106.237
138.348
86.11
-91.591
-106.111
125.355
193.179
-175.086
189.64
146.371
10.378
147.92
34.05
119.235
-42.687
-99.667
-84.086
-154.865
-143.509
-42.788
13.615
27.361
110.68
-165.188
-43.996
76.532
44.997
-191.301
-111.285
-101.139
193.454
-190.177
131.156
175.126
8.379
164.482
-107.277
-188.513
101.81
8.173
84.954
-9.384
-107.269
180.718
13.469
-187.233
99.774
162.532
-168.096
-171.0
102.835
165.384
-91.987
-96.952
15.062
23.494
-95.182
-145.119
117.284
49.565
-96.37
-185.261
-21.663
28.959
-44.656
185.342
6.634
95.584
-169.635
91.064
85.979
4.727
104.751
-22.505
-147.528
100.647
-198.506
145.704
-101.921
17.041
36.713
149.922
-40.339
-178.979
-124.67
-2.402
72.898
-128.53
102.21
-66.044
5.531
95.887
199.84
100.93
103.177
-177.994
37.359
-169.359
-121.99
73.904
170.434
46.056
-53.104
-89.674
2.63
-151.737
14.325
142.071
24.24
-72.983
189.589
9.863
168.892
-104.838
-8.545
7.14
46.137
70.973
170.339
152.127
7.297
76.519
107.888
81.175
62.7
28.172
-142.81
1.016
-8.46
20.587
175.082
75.805
-170.687
-118.523
36.476
-23.305
184.114
-88.699
-199.024
141.41
193.029
130.135
169.043
-76.421
-189.425
48.283
5.602
-139.582
-37.846
-14.286
132.753
-171.786
128.712
-81.577
-0.931
-84.405
-125.028
-108.997
188.815
76.431
197.078
-169.78
-115.933
141.759
-156.331
-81.154
176.028
-100.316
24.434
13.816
-32.08
-117.835
19.156
-10.1
187.907
-105.313
-167.707
-37.882
140.904
-12.318
-139.572
-170.26
-75.967
-83.942
172.71
-76.734
-87.079
-58.876
101.822
36.404
-136.755
31.478
48.218
149.66
-85.598
-160.262
13.992
-34.364
-7.813
191.254
-130.695
-59.147
73.605
69.855
-69.13
-6.952
72.459
179.305
-46.03
199.325
80.056
8.148
-196.185
-69.023
144.484
-170.085
67.194
19.463
60.781
90.117
17.576
-131.072
190.483
-117.862
-42.655
-158.581
18.235
26.076
-129.785
-35.254
194.533
76.092
8.658
165.012
14.148
42.186
-137.714
-62.663
-60.278
120.543
158.427
91.613
-178.724
123.935
196.546
-142.081
-140.442
-67.203
105.289
39.366
149.403
-171.293
127.339
19.575
102.901
196.61
3.395
80.148
-16.753
-62.003
193.704
92.221
116.392
-78.21
117.417
-31.934
-76.487
11.793
-149.405
41.856
-174.445
161.588
-84.223
-177.061
191.801
-107.513
-159.781
165.79
-186.464
63.467
124.487
158.144
-58.462
175.742
-117.015
-23.422
-127.918
58.355
-167.029
197.262
-71.569
143.822
68.908
99.593
19.647
91.599
-72.134
140.742
88.587
19.255
99.038
161.092
13.088
179.378
-51.265
-199.153
26.466
-143.044
116.909
190.983
-66.034
-41.62
-57.926
141.219
-158.896
115.362
-15.249
-114.74
104.354
-53.913
6.133
-56.663
87.059
-138.537
128.752
180.973
141.125
194.27
-35.607
138.819
49.76
-26.439
118.532
52.181
125.122
-9.852
120.12
97.317
135.082
99.753
133.235
65.54
171.151
122.218
34.879
-160.807
-194.478
25.77
-137.242
62.606
169.205
-127.22
127.226
70.882
71.454
-53.854
103.736
-98.236
76.846
32.459
159.877
-156.837
-45.651
188.547
180.63
30.047
198.202
106.513
74.447
24.537
-195.351
116.944
140.723
-137.91
-90.884
-108.32
134.778
138.156
22.295
64.477
197.335
48.489
-138.457
130.665
137.624
137.873
74.603
-161.226
177.066
74.453
172.659
56.162
-104.083
-0.855
-70.578
148.785
149.33
14.404
179.192
29.305
-184.957
-171.239
-51.758
66.45
-124.387
-5.578
-186.482
58.737
-138.745
91.99
-82.322
-122.385
-129.36
-9.929
-43.454
113.368
-13.0
69.189
87.483
121.06
131.856
-129.379
-59.046
80.974
-124.387
151.446
171.642
135.228
-51.32
165.998
-34.943
170.127
193.177
166.52
164.711
116.769
96.117
-93.783
89.241
1.148
-33.076
192.86
105.489
-80.202
25.732
-153.365
78.217
164.675
170.492
141.454
-137.086
18.35
169.917
-110.026
31.416
22.575
74.012
-182.437
71.433
-166.125
28.772
64.914
169.381
79.964
67.509
63.889
-36.564
142.238
152.465
-184.659
110.782
27.441
-191.11
-87.354
-171.992
-13.613
-39.141
162.023
-8.437
-182.486
3.068
-132.914
27.821
-123.114
76.487
128.521
16.233
-40.533
110.769
138.036
174.682
119.383
108.937
184.777
-9.22
-132.044
24.557
-180.072
7.502
-4.449
-147.585
-191.231
-72.255
122.707
14.311
-107.06
30.09
-75.211
-78.322
8.684
52.363
115.709
101.067
-142.057
65.585
-198.061
182.102
18.072
73.423
-70.284
-108.744
-0.497
182.848
-57.596
-50.522
-3.929
-139.404
-187.772
197.529
37.837
-122.688
-179.7
-68.116
72.978
58.647
-168.078
-145.708
-8.739
-104.392
59.254
121.491
-36.61
-183.658
-193.05
198.005
-9.974
178.917
-110.614
-57.283
153.044
131.249
-2.798
179.884
69.992
193.327
-13.529
109.122
-82.617
114.357
39.187
104.526
-122.747
-83.82
176.903
-19.818
-104.245
-84.102
85.484
-24.344
129.595
-119.985
94.953
51.849
76.65
56.224
-13.482
130.237
151.343
-2.216
-179.112
16.739
-176.639
-109.398
84.471
40.989
-2.662
198.118
-91.741
3.098
-135.822
172.488
-135.479
177.426
-168.092
152.066
-96.667
-111.858
190.515
-16.382
-185.449
54.977
119.172
-46.419
102.598
63.28
-71.62
137.635
168.984
104.833
186.475
-110.274
191.387
157.211
-27.178
-41.264
160.886
-78.004
181.899
27.512
131.967
174.88
-77.978
-60.882
-144.493
-115.173
53.895
-99.591
185.938
-52.967
103.13
164.277
-87.234
50.323
-149.845
-90.711
-112.585
4.955
85.306
122.054
125.263
188.936
196.245
-69.686
-193.734
119.81
61.28
-163.846
69.196
152.716
109.63
30.05
35.348
-124.271
69.949
-78.345
-11.492
116.421
-63.559
73.826
161.355
-148.418
-16.271
-58.018
-199.932
113.793
-92.788
-148.379
7.315
-163.339
-176.091
94.705
11.828
-2.374
-52.024
19.285
-73.617
26.31
-131.966
-110.175
44.329
2.914
-134.15
-100.079
-144.274
131.288
136.903
131.289
189.535
40.813
142.062
80.606
199.574
-124.197
-168.991
12.107
-53.274
-127.136
84.922
-128.339
68.051
-116.369
117.808
-81.692
134.508
-33.36
172.892
-21.6
-59.834
-129.585
-15.087
111.946
104.595
86.211
81.012
31.822
-14.71
-128.025
-8.567
-17.804
113.703
167.1
-90.118
14.661
-165.458
58.766
124.142
-24.85
-71.616
161.462
-162.835
-85.481
10.462
74.598
123.723
144.07
195.952
-157.367
-136.314
148.88
178.145
146.394
-11.3
47.188
140.98
-28.068
-96.633
-93.432
155.485
-96.374
127.866
147.921
167.718
-51.59
71.145
194.721
18.794
98.471
-7.951
186.047
-100.321
27.017
179.548
50.4
59.041
195.76
29.468
141.925
-199.085
-68.308
192.74
-3.213
58.561
-67.047
178.163
-196.798
179.565
-109.706
-141.323
-199.549
102.879
84.179
120.958
-191.163
7.042
104.987
58.122
-43.267
-150.829
32.172
-88.568
-47.954
-100.175
163.707
27.974
141.954
40.423
140.619
166.38
-188.419
20.115
-35.671
-103.104
113.429
98.205
-192.227
127.008
-123.792
45.341
-156.341
-71.584
-185.165
51.023
159.366
20.469
-116.705
174.093
103.954
66.431
5.592
-91.182
-54.459
116.181
129.983
71.207
153.513
173.468
66.843
16.529
184.849
-77.444
6.37
-107.206
43.238
-172.103
162.907
-87.969
94.574
-152.328
181.337
-116.538
-146.018
-168.076
-120.823
163.652
141.253
-99.928
-96.594
-141.987
138.791
12.744
-184.247
-142.197
8.216
-157.608
-9.164
-129.134
71.529
-166.246
-156.558
74.716
116.84
34.697
-158.146
-184.1
-43.893
119.467
-90.55
-156.719
-115.241
-138.543
100.874
-140.657
8.149
9.985
32.72
-179.849
-56.094
45.01
-93.508
137.052
-199.983
-53.626
115.885
-190.93
-112.802
47.42
-119.059
-103.2
-185.16
-190.76
56.48
168.782
-126.892
53.02
-17.214
131.753
-93.17
154.211
164.357
61.559
108.0
80.95
158.944
-118.431
13.773
-180.144
-48.061
-156.317
-76.01
-77.147
187.576
-43.735
-4.779
145.438
105.779
80.856
166.961
-197.15
-104.628
131.133
72.521
-70.658
43.035
-81.706
132.256
48.34
-1.781
-176.188
91.11
-160.615
177.767
166.092
-177.229
36.529
92.42
117.181
15.066
-38.636
-68.408
189.123
-86.987
-180.256
-134.485
89.573
-17.784
-198.819
-134.818
-48.022
198.377
-19.964
132.294
-188.842
-70.5
115.508
-45.208
-129.814
-191.224
49.064
169.831
-80.115
-99.147
-143.665
-57.053
148.438
67.932
-167.289
190.417
-134.599
186.644
28.396
86.16
-5.483
-100.496
34.787
52.474
116.062
-136.21
-8.104
115.818
-24.327
-50.511
11.104
-125.382
72.604
109.338
165.02
-158.044
-23.844
-37.688
194.229
-102.389
-179.391
82.728
20.236
56.995
-89.215
-109.72
156.662
-111.956
30.588
112.659
-110.573
120.367
117.895
24.978
145.388
194.817
-80.682
131.026
16.029
111.727
39.383
-175.796
-128.224
68.555
-192.908
36.916
190.764
-69.981
69.603
82.64
-124.278
-122.992
171.276
111.35
134.792
-43.648
-163.608
-198.011
123.404
84.124
-197.608
79.995
17.105
-107.649
198.331
172.541
-48.867
21.038
145.069
190.824
-42.399
137.785
-109.262
-7.621
-171.365
-163.497
113.033
-119.19
-76.982
-147.203
-141.439
116.324
77.185
-86.042
-196.733
-10.584
54.132
-14.467
-83.483
186.627
8.874
-67.46
-19.061
-125.589
-107.821
-195.052
174.551
-59.202
-141.297
-165.066
194.112
101.444
131.598
-89.96
-17.191
-91.352
-24.946
6.618
91.68
198.845
-187.691
164.256
-153.454
-145.428
-46.791
181.957
197.248
104.769
150.656
-160.934
-157.221
104.956
28.384
-149.188
-58.161
75.313
78.747
-157.247
129.35
27.095
187.01
67.656
166.786
-158.993
-89.841
-81.134
6.386
46.73
166.457
-48.062
87.308
-6.66
141.232
-81.508
-141.316
86.094
-57.013
131.481
-190.326
-28.356
130.994
171.839
-72.564
-176.311
-7.69
34.208
53.673
99.448
-158.585
142.257
23.61
139.827
-127.034
8.69
105.289
79.196
-97.369
-115.731
138.882
-179.362
8.675
177.113
35.507
-120.068
-49.575
-79.725
-80.373
7.739
-38.071
-12.137
-170.526
-24.356
-58.504
43.529
-187.483
-46.183
-58.189
79.982
159.167
140.837
-197.23
-166.624
1.513
-155.622
-71.711
-52.322
134.881
-173.385
135.039
-100.768
60.141
-60.656
93.066
-3.252
-88.11
-195.667
-83.372
73.641
144.636
-95.174
147.892
-79.831
-112.769
-7.628
4.722
144.556
79.847
-166.032
43.138
-101.629
80.053
-79.332
35.328
-116.222
134.062
-116.477
-67.256
83.167
92.037
126.705
187.373
-87.42
51.574
188.195
-50.949
-113.485
153.86
-103.987
-137.808
116.555
-11.296
56.743
186.668
144.261
57.019
-43.063
-72.334
150.478
108.451
81.577
50.844
-160.812
49.527
63.997
63.498
4.643
-146.118
179.552
107.415
57.531
22.957
-30.083
-43.538
81.395
-181.265
-188.985
-184.715
33.567
82.442
-99.015
-35.863
123.387
73.05
193.271
-100.693
-138.034
-121.967
-74.2
-135.374
165.307
-171.655
156.699
7.273
-62.396
22.081
-39.909
129.64
57.024
-77.531
25.51
53.984
-151.096
16.585
89.443
126.805
39.407
-3.104
29.737
-162.039
-43.028
22.309
-30.797
-73.687
49.176
-85.621
-88.486
-165.427
199.216
139.991
-136.229
-5.13
153.953
45.915
-123.705
19.181
183.241
-20.899
-150.091
-122.596
-159.984
48.419
168.657
74.491
166.4
-177.517
119.423
193.057
-172.06
8.635
-141.199
-82.144
86.258
-175.876
-179.831
137.114
32.035
195.209
110.013
106.314
131.309
32.452
-186.543
-28.994
-120.518
11.237
-182.492
-66.104
38.358
-188.943
-49.662
134.868
-33.846
-5.367
-21.279
1.965
-52.168
-92.487
-52.073
-38.281
11.962
-44.965
-58.939
62.681
154.797
39.642
-59.822
173.854
-71.878
-146.73
-128.14
29.408
-9.796
28.761
161.87
153.158
54.063
-72.347
-9.312
3.633
-97.983
149.173
-47.447
16.387
69.927
10.389
185.697
44.554
118.963
-63.194
22.471
165.614
-32.992
27.208
-121.96
153.184
23.142
-152.674
-9.077
-0.385
-62.868
121.211
184.203
75.288
-170.307
-61.661
66.231
-18.231
-47.912
54.467
37.877
146.936
-118.079
170.915
161.61
107.273
89.041
124.983
-16.594
-47.721
-16.858
145.017
-34.276
141.399
75.815
119.072
154.213
-107.017
29.52
139.449
131.939
-140.495
-21.531
-122.342
79.2
132.604
-134.665
-6.23
86.58
-2.403
162.901
-7.068
-51.032
-17.576
-110.991
110.397
88.406
-148.235
4.473
-177.977
22.003
-169.39
180.527
-62.01
149.598
95.726
-16.794
135.863
119.872
110.799
-42.123
-135.948
-151.168
-92.191
-56.136
140.824
97.408
135.912
-95.227
74.103
76.778
9.778
-118.818
160.878
136.43
38.845
-1.538
25.485
-56.248
-144.19
-26.618
25.957
38.288
3.811
-157.624
186.195
70.512
-135.64
8.486
-17.388
174.008
47.262
-183.352
48.26
20.935
30.712
-62.727
62.865
126.512
-122.789
97.377
-155.484
-35.511
88.593
-116.896
-192.298
169.289
117.107
-135.715
-187.977
-21.063
-40.946
135.033
-158.942
63.311
-121.546
-2.091
11.599
-8.443
182.025
-151.658
141.689
-136.096
-43.102
111.357
89.233
74.221
-169.596
-9.753
50.156
-103.083
196.454
-115.35
-159.299
-1.443
76.445
-9.612
95.181
-109.648
-92.387
-114.604
154.07
-23.638
-55.015
76.604
-78.044
108.587
63.567
125.833
117.963
-20.625
-24.298
-37.132
150.333
88.04
-105.019
75.905
138.464
-195.176
156.521
197.437
44.803
-179.526
15.451
92.317
-84.957
127.018
24.803
-139.461
-53.895
55.52
-125.441
-155.223
33.526
-188.498
-180.059
-9.501
72.486
136.232
141.819
136.215
-140.117
180.278
-185.111
57.778
28.678
119.68
-138.888
-3.824
120.567
28.821
-174.863
10.325
-60.817
157.574
104.692
-110.605
-83.767
90.902
-144.365
-55.847
-154.382
169.977
96.892
-54.996
-87.962
-74.253
-6.961
164.678
90.744
-160.365
-50.668
-15.795
162.491
53.016
39.137
45.825
-162.384
-93.677
-62.804
-81.595
-199.79
-68.325
-35.827
125.599
-145.331
50.16
38.898
-118.729
37.435
152.474
177.806
188.827
-145.331
88.482
158.855
35.75
-16.922
-20.304
175.623
9.639
169.792
64.099
115.916
-122.185
102.706
-27.878
48.732
-42.281
-66.22
95.555
115.111
198.617
-70.994
117.91
146.981
-155.682
187.777
49.427
183.796
124.686
-123.874
-144.962
-174.952
-50.369
-184.8
135.907
163.237
65.169
-75.076
12.971
172.76
-74.096
-101.114
-178.052
36.55
15.102
132.319
6.631
181.74
63.466
-153.776
-81.58
169.937
-46.104
-187.483
85.01
-129.879
37.22
191.974
-199.135
-40.197
46.775
-59.369
-54.695
-46.005
-83.241
-82.375
-16.553
142.083
78.03
4.774
2.187
119.636
37.029
29.617
199.925
-70.46
20.19
122.612
-21.779
-13.297
199.154
85.394
-189.784
38.975
-85.209
146.129
88.111
-46.686
46.645
-28.051
42.233
-49.109
13.481
-146.566
-61.344
37.648
-158.938
-174.068
2.443
-63.98
-147.872
-94.039
-154.535
-173.178
9.936
34.096
-137.96
-139.692
194.525
-96.494
14.039
-161.101
-171.285
-106.452
-189.316
-26.08
-195.591
-1.818
133.768
-117.299
-31.526
-175.925
21.209
69.324
-55.743
-57.808
-73.011
-41.601
-63.104
-27.598
-111.458
160.93
-160.967
197.905
-185.508
-179.733
-180.147
175.655
23.672
179.78
22.523
41.56
123.851
-28.832
-22.445
-9.192
57.439
41.153
135.632
-71.511
146.938
199.228
6.126
-197.163
-98.665
-175.039
-151.541
-150.974
22.551
-2.833
-102.678
-56.528
-121.465
-118.719
-6.055
55.998
171.093
36.12
-8.371
-157.366
116.753
-92.351
192.243
14.783
82.173
27.802
192.26
25.971
-126.087
91.381
-144.858
199.954
73.296
180.019
36.288
-27.456
-27.253
-40.674
14.956
-196.518
-53.919
59.346
-29.564
-57.226
-152.034
-51.649
-8.83
8.762
101.513
20.865
-21.934
-158.121
60.727
-162.288
-20.907
26.282
69.139
-150.662
-34.251
-49.559
162.273
5.836
-25.532
-26.794
-23.754
129.539
-100.643
185.513
177.027
-13.553
46.786
15.848
48.982
142.678
96.262
-59.991
-195.222
-31.976
72.417
125.287
-144.773
-133.842
40.252
118.231
52.258
135.624
52.812
124.325
134.28
-113.337
-199.46
51.218
-189.261
120.973
144.038
138.055
-145.047
-126.443
117.14
-148.309
-98.024
-182.575
19.804
9.431
-162.043
78.128
-59.675
157.918
70.633
-37.241
182.801
13.557
-188.752
-143.682
43.988
87.636
128.225
91.965
188.443
3.504
23.308
92.147
-144.829
-72.986
26.272
189.622
-151.039
47.041
-110.491
-21.219
186.702
-26.767
87.396
-96.963
-16.337
20.145
90.026
-111.266
-36.424
-59.797
-64.037
-156.168
-38.169
-101.726
58.497
-3.062
-114.571
114.384
6.469
-131.901
174.827
-195.533
83.908
93.332
116.33
189.484
-8.34
178.044
-98.853
62.322
-139.149
-75.634
47.307
81.513
180.925
139.068
-61.524
-177.117
180.755
161.277
121.341
53.291
-93.481
-35.395
134.178
-10.528
-78.186
158.96
-198.362
-74.924
57.309
183.706
111.459
-69.173
106.881
159.955
-79.086
-109.839
-68.229
118.88
18.914
90.61
43.429
10.412
-178.814
177.228
-22.635
-95.85
-153.838
-117.937
-52.053
182.118
195.638
36.72
49.464
-57.283
-52.359
1.487
-180.148
199.167
-152.763
66.208
-34.198
-17.625
181.327
148.597
46.38
186.389
147.217
97.848
179.097
136.954
-50.097
-0.361
-40.55
-189.726
60.349
57.832
-5.238
-30.482
-96.119
14.117
-112.445
12.871
140.473
174.962
81.674
157.987
7.498
168.04
-55.659
53.504
-32.522
92.483
60.81
58.337
-37.98
-85.141
-148.088
-45.487
47.494
-142.459
-102.986
-101.826
90.18
-32.871
61.029
91.215
55.551
37.172
84.603
74.356
-168.021
143.68
144.778
0.099
154.062
-58.759
-55.737
51.801
-52.704
-169.299
159.93
40.067
140.025
160.567
-142.547
-198.606
-195.244
-75.274
169.482
-78.015
-55.509
-35.009
192.252
-174.654
171.979
136.393
148.433
-54.623
77.823
-126.42
-94.255
-131.008
-76.147
98.583
79.14
70.773
11.523
-34.985
-26.242
-6.986
7.726
99.602
-121.137
53.788
18.317
29.579
175.291
32.595
137.882
20.256
-11.786
-156.004
57.337
173.097
135.929
-16.772
-121.197
-111.707
93.877
-36.733
-67.532
-196.396
-113.25
-26.613
-27.566
-184.171
172.237
-159.169
24.879
25.248
-41.755
-69.947
-83.199
109.078
-139.456
-127.46
-93.5
-197.949
-42.08
110.028
-194.855
184.216
4.293
-113.692
-131.824
183.617
-190.931
-26.081
-98.588
20.241
87.971
-90.922
159.275
-191.321
-13.318
-91.577
48.001
10.708
36.023
-120.451
-7.531
-11.711
-191.587
-138.428
58.943
-63.964
-104.248
-108.861
-128.185
-14.804
-98.537
-196.099
-140.949
159.742
114.14
104.917
123.164
-187.001
-45.03
159.113
-13.784
101.621
-14.137
129.32
4.389
29.466
123.077
132.201
-65.74
14.54
-73.407
92.696
35.961
-118.797
116.579
132.269
182.213
-68.889
82.576
-119.314
-43.377
-53.345
106.384
-154.487
-34.573
-113.022
-123.661
107.032
53.269
82.997
3.211
177.29
-44.247
132.2
-157.296
-79.433
-144.814
-151.71
-124.166
123.518
-90.481
111.9
-161.331
45.659
19.441
-112.524
171.5
62.757
198.222
29.27
-55.095
-86.752
-38.953
-1.29
110.387
47.165
-91.991
-186.305
-128.6
108.638
-115.165
55.306
-98.332
106.664
149.727
-59.475
26.875
-29.608
95.489
87.116
125.958
68.858
-74.878
-111.339
-77.76
148.266
-99.074
-38.575
-124.543
-83.573
106.923
-26.381
198.601
-8.218
151.596
-101.008
-95.759
197.831
22.367
187.514
-64.022
-122.777
88.03
-12.649
-187.093
173.249
-120.312
95.547
-136.327
186.354
-24.871
-51.87
198.91
-159.751
51.45
117.788
-20.066
99.96
181.466
161.374
86.495
-110.369
-120.925
-34.468
66.933
192.04
80.023
-100.58
139.569
189.577
159.534
-35.54
-76.999
100.077
-47.791
-31.857
174.644
188.76
-192.522
-59.162
62.869
198.045
160.93
135.002
119.605
32.092
17.347
-26.368
-147.06
-190.772
-169.263
110.788
171.839
-31.654
-99.329
-93.822
146.589
-185.679
21.125
143.562
13.36
-20.48
-64.64
-18.072
142.498
165.81
-68.086
-83.702
61.255
-7.879
31.432
-162.268
61.017
-173.764
15.31
192.077
185.375
-193.71
-42.915
-188.478
-105.25
42.448
175.419
-76.188
167.068
0.514
138.42
-195.399
156.847
-139.159
-163.53
108.185
147.97
-196.795
184.999
180.459
97.045
52.992
-178.377
40.067
104.29
32.618
-109.784
-129.968
54.594
91.949
-13.976
-24.801
3.484
-60.07
-49.195
-187.45
62.318
-94.096
-90.164
-145.415
-0.532
-94.542
-9.023
92.52
81.953
-73.958
-120.792
102.441
92.591
-155.884
-73.036
-82.677
77.772
-60.232
-62.204
-117.325
60.855
-64.058
120.002
166.159
114.736
64.842
-114.277
59.872
188.127
103.745
192.607
61.863
-173.232
-155.856
14.97
100.548
-12.156
46.449
33.321
-3.546
-85.93
173.474
-162.377
-58.303
-165.978
-143.014
-89.602
-137.956
136.149
184.089
110.557
-125.838
-123.851
-138.065
-13.446
165.249
-5.378
51.724
-159.099
96.986
29.043
-55.536
159.293
-149.865
-120.712
-119.688
150.938
155.853
-154.217
68.96
164.195
-153.91
111.96
132.83
121.032
-179.279
-197.091
126.095
33.499
36.792
12.36
-102.067
-82.372
163.079
-64.796
105.064
-196.017
-179.862
-100.824
-71.118
-173.097
-186.015
-165.096
-63.754
-71.605
-174.907
-111.978
179.336
8.187
-76.727
104.021
120.044
150.664
82.918
30.776
-187.748
-113.321
19.392
-122.738
128.977
150.977
3.064
-35.211
100.911
-163.545
120.458
-9.864
-52.871
128.333
54.346
-178.378
3.333
-139.53
-154.377
172.806
-63.602
-140.681
-12.026
130.913
97.433
24.17
-46.078
176.959
11.591
-140.581
3.604
-134.543
-158.898
181.611
170.291
-31.178
109.34
102.454
-112.629
56.989
36.043
-122.759
172.283
63.73
-191.235
124.599
62.091
141.773
-148.406
63.857
0.449
126.675
36.964
-198.025
64.073
-38.936
-44.174
53.412
181.31
-95.195
161.192
-51.206
-83.779
-129.006
-195.377
-30.145
-185.906
-59.523
-144.31
6.016
-107.424
97.498
58.308
105.878
187.835
106.525
151.523
167.318
153.125
-159.116
177.765
-70.989
-1.212
-15.668
75.851
104.873
-114.292
-106.742
-105.559
-69.876
-15.988
-136.001
117.76
89.666
-90.423
53.476
-41.586
103.543
-187.502
95.792
-114.698
134.934
-131.971
-0.714
80.288
-9.832
-94.271
-183.583
139.967
183.092
139.105
-6.797
127.957
10.624
-41.178
-77.5
-119.317
187.364
37.563
173.598
-156.69
150.662
-130.522
18.551
-160.162
-186.308
-196.141
27.503
-38.222
69.025
-125.846
140.815
38.346
-136.535
137.916
51.472
10.061
165.176
-28.41
180.096
-78.536
33.617
-54.248
5.96
76.903
-50.361
-118.459
-78.314
-106.063
-100.55
-177.471
62.721
150.502
-59.826
-169.991
-47.093
-179.356
181.731
88.482
26.247
-176.049
176.551
-170.102
-158.485
118.262
-165.694
-1.338
53.7
-162.334
-180.285
-5.387
124.968
15.926
60.876
-174.026
-188.511
-133.958
-59.627
-95.663
-20.687
-88.782
-17.951
-13.405
-28.452
-76.544
-72.215
-113.228
67.782
149.527
177.592
157.849
18.87
95.314
-189.041
90.44
-113.537
-8.635
-53.685
86.288
-154.034
120.805
186.581
156.692
-195.691
-29.654
-138.268
-20.128
150.344
140.148
153.979
-64.315
47.34
183.15
-100.431
-133.596
70.515
149.361
108.776
179.095
67.482
80.485
-177.536
20.367
-193.515
-9.166
-135.998
-89.915
-113.466
-196.771
-117.349
-27.576
93.618
-191.596
94.665
95.508
-197.22
32.142
76.728
169.915
94.512
121.254
-111.154
-188.709
187.397
-190.239
144.676
-106.401
-44.484
-96.99
131.34
143.543
-4.835
131.239
-83.937
116.415
144.97
177.986
67.736
-199.972
-47.411
39.036
85.171
-40.363
-121.964
-57.165
-98.004
-53.783
124.883
156.925
-36.281
-117.528
70.251
123.559
111.232
-26.918
190.176
42.529
191.861
196.773
-120.517
79.265
-174.754
-60.49
25.873
-58.995
-131.92
-69.908
24.167
-199.658
-132.196
145.442
-52.654
188.779
8.534
141.683
101.296
-98.827
-107.345
110.473
60.609
99.301
126.445
-143.209
-171.392
178.251
34.347
112.223
-155.684
26.182
36.701
-41.298
114.37
-126.354
12.751
183.06
-186.912
-20.118
-153.75
-136.296
20.263
-24.884
31.866
-47.34
26.658
183.601
30.246
-132.592
-163.083
33.974
3.795
130.418
121.061
-13.522
-5.473
-199.518
-110.654
23.704
-101.132
-196.54
-177.815
-20.993
156.549
-105.915
9.843
30.783
-175.636
-24.332
-22.673
69.623
-51.605
67.531
-42.16
96.796
-80.613
165.623
-169.492
-93.405
195.472
61.971
77.693
-39.372
-116.776
95.252
-166.392
195.004
-26.437
191.512
187.64
142.057
51.567
-147.906
80.046
-149.816
189.413
-96.834
-137.683
149.731
18.516
-76.333
15.675
-120.263
-97.138
123.911
-24.501
58.121
192.123
-3.908
-178.464
-104.662
-118.647
23.926
138.441
-43.599
80.866
-28.159
-53.379
-77.392
-76.644
40.108
-25.547
15.223
-130.17
-188.744
-52.206
-102.617
-196.348
113.018
157.004
-64.938
106.044
-91.058
195.691
165.119
-0.729
-64.769
141.455
189.876
-91.347
199.099
59.882
-91.258
-122.544
41.147
55.388
75.977
-187.119
106.316
133.727
-24.861
-120.201
111.071
-133.461
-118.63
-146.007
4.448
-72.284
-106.414
-107.052
52.908
-170.008
-163.558
-195.404
-103.127
132.805
-55.192
-92.049
2.106
-141.614
-93.852
-65.883
-25.268
-25.918
115.192
-147.009
-193.803
-79.45
186.011
-60.379
-149.733
109.351
-20.034
178.087
196.464
127.478
-152.297
-156.494
-146.051
-142.465
19.134
-31.875
110.389
-171.995
-85.769
187.274
-94.382
-66.806
33.687
61.534
-24.0
-20.951
26.302
-18.16
-55.95
-133.029
52.72
51.257
-94.23
23.764
24.679
-34.391
-98.99
155.849
1.239
107.667
183.474
-21.69
45.188
188.622
-84.473
57.266
-121.649
132.908
-40.65
-145.793
20.6
157.741
37.764
-58.964
-130.959
165.173
116.658
-10.109
45.005
166.077
23.359
88.895
77.551
47.598
102.605
77.175
105.074
-96.849
-174.387
28.945
78.961
-22.817
75.491
191.696
87.267
145.405
178.477
-125.546
-27.526
-41.053
-63.707
-125.034
118.205
148.556
157.168
33.107
145.913
-16.256
135.137
-22.186
-191.101
169.099
149.248
-36.473
-60.917
177.002
-63.973
-105.705
-27.896
-106.635
195.916
-166.83
-165.405
-86.954
-93.529
146.444
79.588
179.705
7.01
-93.121
-128.834
-140.566
-25.07
-49.933
-122.158
-136.824
114.857
-100.222
-62.497
102.475
-92.919
-135.994
121.992
90.321
114.234
-90.801
-167.183
-82.012
-141.667
134.227
-138.14
-122.917
120.183
-112.907
-85.513
33.662
-175.61
-173.467
62.149
-149.802
74.318
-184.5
47.628
-168.18
55.061
82.09
12.61
-69.209
-37.002
-5.52
-168.326
-41.698
-2.556
125.59
69.384
145.211
-19.009
116.259
-36.543
147.063
-90.62
23.342
-5.233
11.195
109.631
175.377
-66.623
173.699
-186.224
61.198
-109.919
-198.529
-187.613
-110.759
-20.145
119.924
-123.474
-87.195
-1.105
199.371
-22.06
108.568
-16.088
158.445
-78.174
-73.296
55.138
-174.6
-145.454
-108.967
30.597
65.557
177.893
136.741
-79.621
13.166
94.455
-132.652
-184.37
185.021
60.994
43.562
-163.84
-121.86
3.509
159.368
-120.232
-46.988
38.397
126.291
119.739
-91.528
123.417
149.682
108.332
-57.219
182.978
72.801
58.223
97.293
-115.67
105.482
-193.952
58.16
117.292
195.182
16.438
-174.175
-50.971
133.736
144.515
-164.189
89.05
-59.001
-25.03
184.389
-136.038
-137.331
60.621
-188.753
156.286
115.885
104.361
27.526
-148.946
-170.12
49.177
173.02
-187.302
-104.045
-15.032
-50.501
154.752
163.577
-146.797
-197.329
174.895
-75.013
-164.821
-182.08
-187.498
-185.473
-97.749
-11.211
108.79
53.082
-21.469
142.316
82.454
143.325
-195.217
-160.454
-150.512
-30.432
-194.794
-153.847
63.756
132.181
-131.543
16.095
108.243
-164.281
108.603
72.608
-150.132
-73.94
-38.048
-12.862
-71.678
197.784
-97.855
186.306
0.02
193.259
21.799
164.357
85.63
173.864
-91.023
104.186
-153.635
41.684
112.878
63.948
-43.703
79.993
102.636
22.24
12.727
17.039
-179.963
12.485
186.519
-67.935
-21.58
-89.405
-174.347
-60.432
124.634
-172.359
-107.652
-15.623
171.854
-136.406
190.627
87.954
-74.581
80.888
142.021
55.274
-185.535
138.401
-47.809
155.108
-102.98
-182.514
34.097
9.485
154.359
-121.356
59.43
-133.159
-180.135
-26.9
-65.338
24.72
-4.079
-173.58
-67.994
-104.558
-161.144
10.531
-72.279
-59.97
189.29
151.182
138.951
1.746
-25.262
185.636
-0.579
-115.001
-121.475
94.348
-68.869
-74.673
93.534
-37.417
7.374
160.947
121.441
-39.962
-133.631
-121.493
-122.596
-145.396
16.241
-52.193
-92.713
123.388
-34.829
-177.397
-181.26
106.671
147.767
-196.07
13.817
-37.276
150.501
-36.001
66.114
-139.37
-112.083
-94.281
91.347
19.702
-188.878
-164.527
-137.674
-25.714
150.687
164.109
-100.432
-21.985
125.595
-48.909
-101.863
53.061
178.567
20.197
149.88
73.602
154.952
-77.618
103.731
180.781
-123.181
12.294
184.056
107.555
-73.511
33.177
6.225
-28.553
156.718
191.583
-37.906
126.646
74.912
-25.225
37.776
-45.698
116.511
81.536
-43.346
-5.931
-76.479
-35.41
-174.227
197.083
22.441
-137.076
-13.765
-151.244
162.534
-3.575
-15.561
-72.952
48.115
-186.783
-93.974
-153.604
168.222
0.895
16.875
47.158
93.197
-94.239
-127.863
84.219
-114.996
-184.303
-77.973
194.822
-56.297
141.128
-191.561
28.791
-3.139
-40.306
-68.777
-146.914
-151.714
94.534
182.314
-62.256
136.073
10.972
148.897
48.643
99.782
110.872
-171.694
-174.544
-188.015
146.108
-6.282
15.226
-76.499
-127.238
140.147
-37.098
-151.53
-136.263
-179.924
192.05
-24.975
-175.454
-158.694
64.65
83.189
-141.203
-20.301
-142.971
143.895
-123.161
81.526
-155.707
36.621
14.55
-111.875
12.13
-10.423
-54.718
-9.426
-39.924
-99.418
151.619
33.927
-147.342
105.495
-81.217
132.054
49.109
-133.969
-58.394
-62.516
46.785
132.038
-16.258
28.134
-63.325
-159.707
18.439
124.028
5.316
-60.229
-174.585
-78.752
71.048
-175.193
108.816
95.373
-138.206
162.771
125.503
26.504
128.721
31.645
60.094
199.521
43.062
-187.333
-146.579
-37.275
86.593
197.793
61.751
-108.007
-100.453
-87.359
47.314
121.887
-199.603
-171.682
40.367
-136.093
17.168
61.942
174.774
53.593
-22.388
-31.708
-62.121
24.956
141.497
-99.842
0.018
52.302
-6.436
-79.601
-48.029
-129.649
-136.878
178.71
-58.334
-5.926
-172.233
117.791
-3.008
-11.416
180.93
66.123
-80.404
117.801
-80.783
140.185
-179.879
-195.582
-187.349
-68.858
103.677
18.855
-144.412
161.942
-5.615
-120.962
93.418
-153.753
126.009
52.99
127.292
-45.462
34.205
-58.967
47.933
-134.095
-5.735
-39.794
85.761
168.209
30.881
-34.305
69.034
38.299
182.154
-137.923
-56.108
-111.713
143.806
135.928
-8.144
177.126
41.218
12.234
-189.67
11.573
50.946
-41.64
27.796
-148.016
-132.621
111.412
28.57
-95.779
-146.481
-116.965
-50.634
26.784
42.476
27.076
198.193
169.222
-135.839
107.975
182.042
193.735
-102.108
17.068
34.399
-68.219
-115.224
-89.202
-57.283
37.891
68.215
-144.843
-28.932
-63.247
-199.132
113.667
154.73
23.105
109.008
-117.024
-155.416
190.754
-93.329
-178.254
69.584
33.818
26.873
-103.995
-156.958
44.179
-188.447
43.34
-7.684
166.204
49.592
26.878
-172.608
-85.814
-10.911
36.502
-68.581
192.938
-46.662
67.252
60.58
-18.079
187.493
103.553
-87.557
20.119
-173.284
114.311
66.044
-159.085
185.538
144.8
-132.648
193.925
-81.687
-22.476
-76.311
148.497
-174.124
-83.094
-146.487
132.105
158.753
27.353
-126.295
158.857
-31.35
-80.615
-115.447
185.371
27.266
-85.185
-60.963
-196.446
-141.999
-124.229
-96.431
-146.288
73.745
-15.527
-31.1
107.972
-50.868
61.049
139.846
-69.356
145.742
-120.656
11.142
190.708
-59.452
62.758
156.85
133.946
36.989
-154.099
-185.763
126.015
132.506
-153.079
176.546
-177.462
175.079
13.675
35.928
62.804
-100.787
-131.069
71.973
-169.422
195.988
172.815
-175.094
-35.634
-102.906
4.794
34.116
-170.969
-66.03
51.53
189.863
-175.131
21.011
67.15
185.623
155.685
-179.575
40.749
-76.26
-138.635
-86.641
-26.365
-44.197
-12.551
-96.392
74.344
-18.72
-17.224
118.221
-37.394
150.532
76.037
-165.892
-107.648
-72.043
87.653
-161.55
-18.112
172.515
16.592
95.476
-39.897
105.87
-132.089
59.39
-112.714
78.808
162.147
88.001
116.943
-186.118
46.267
160.724
196.805
-181.822
-111.843
39.719
114.853
-155.367
44.266
16.306
117.336
16.137
-114.485
-17.204
-189.093
131.687
46.977
-44.635
-43.436
159.146
72.335
198.993
29.359
179.19
153.416
29.883
90.861
106.179
-169.367
-188.335
-115.685
59.306
179.271
103.508
175.608
195.61
8.765
72.044
171.588
53.355
93.678
156.346
-121.729
79.216
27.266
-177.47
-7.493
27.894
163.802
-182.318
-72.498
41.688
-75.373
-3.241
159.851
101.872
-66.51
-37.875
38.987
43.492
190.552
-147.112
162.818
177.37
194.198
-179.65
90.109
-148.308
-159.734
72.285
-171.459
-199.407
0.916
-50.226
-15.001
-191.924
28.617
75.012
92.124
-197.202
133.818
169.091
-177.095
64.592
189.029
-84.674
-22.229
-175.235
135.885
-6.787
-131.922
155.012
-99.51
-137.207
41.307
22.582
-103.62
173.883
-1.319
194.763
134.796
68.258
-126.863
150.806
-171.792
170.181
158.517
-119.419
185.009
-93.31
-172.517
-89.927
199.063
143.443
191.682
40.139
-71.184
190.755
165.938
112.132
194.918
49.033
158.971
-34.974
27.493
-114.7
95.25
20.373
-63.453
41.0
-10.611
-81.49
-73.386
-159.155
-45.32
143.205
-46.865
25.188
143.473
69.512
-138.564
-137.203
-41.858
122.875
-135.465
-76.949
-141.489
143.97
50.227
-105.912
25.927
14.453
-135.409
-30.898
159.97
-163.113
178.744
-42.556
63.922
15.697
-154.918
146.242
124.846
-68.018
-36.111
-150.484
-85.957
82.56
-48.165
102.409
94.065
102.975
35.536
-9.615
63.314
124.189
137.316
-107.414
-185.275
39.56
128.852
191.632
102.866
75.875
37.768
150.156
-116.027
134.138
115.796
146.223
128.456
68.415
-121.304
198.862
-186.232
-144.534
83.131
159.271
-197.538
-114.261
-112.851
151.09
158.351
-5.672
72.797
-146.934
-196.823
-29.756
-49.317
-108.364
164.506
-10.925
-154.504
181.5
-147.841
26.526
16.718
-161.27
164.674
148.098
-93.104
-138.005
174.559
156.45
-7.844
121.234
185.779
-13.911
61.808
-112.229
21.102
86.005
16.166
-175.747
92.255
28.135
-39.03
-78.227
-195.779
185.495
-158.217
-74.223
-154.816
189.979
-127.462
-81.09
199.044
-92.113
37.247
87.49
-125.838
-153.948
-33.054
-172.302
192.795
18.703
-8.513
161.082
-50.173
114.991
103.488
125.359
-186.319
-84.425
-10.018
136.619
-147.936
5.875
14.056
127.119
53.643
5.697
92.505
-32.321
29.568
-21.848
-188.945
-63.98
93.946
130.375
-46.938
-115.194
-8.901
-27.315
4.547
-190.531
134.376
95.877
-158.531
118.566
4.588
-146.931
-23.605
123.287
63.794
-126.685
-150.801
-124.546
-183.727
-100.054
99.391
-132.04
8.584
23.579
-9.545
78.664
140.431
-113.417
-167.072
-108.019
197.061
-181.535
-57.548
111.045
-101.999
-46.213
173.124
115.087
-91.767
52.879
45.734
22.138
123.868
57.93
-74.692
116.214
-123.641
-180.226
-131.041
141.098
134.65
-18.142
74.786
32.919
-135.455
126.005
-183.614
-14.112
-78.245
-59.321
-24.043
-184.321
-90.06
106.938
-152.63
125.728
-184.676
86.305
-156.175
-195.926
184.664
105.405
107.472
-13.532
102.913
90.759
-126.922
-107.765
94.426
-48.065
-111.17
145.698
-177.972
9.766
-84.145
-129.368
-22.055
106.55
102.35
-96.442
69.032
-19.857
-188.203
-152.549
-37.361
-128.259
32.618
25.747
-49.466
83.288
188.431
60.649
-126.456
190.153
90.451
-142.141
63.257
78.9
-17.134
-166.176
162.958
-169.555
-122.164
27.669
-23.341
-191.11
188.613
123.368
150.022
-15.317
14.789
-48.889
-27.543
-45.816
159.175
-83.134
-176.557
162.804
-87.322
192.691
-30.444
12.963
199.275
65.194
-119.927
-5.86
140.614
58.938
-196.772
113.854
63.007
-166.992
111.939
154.517
-18.337
145.868
-27.949
-185.785
-49.738
128.919
146.075
-141.289
-143.626
-7.271
-26.931
186.904
-153.652
120.333
-32.572
-112.644
-79.227
-145.209
-50.938
-165.659
61.953
44.158
123.311
-163.066
-8.896
93.049
11.01
-104.127
-62.639
-74.974
-107.502
67.075
-82.858
6.58
77.131
-130.401
-81.67
59.9
93.096
-48.2
-35.381
-53.083
-95.406
-167.911
86.781
-31.504
-2.097
-131.213
193.513
-184.318
47.552
1.513
-75.111
-19.202
-98.987
-26.698
142.794
-190.126
42.807
167.27
8.937
123.969
80.865
117.628
98.703
6.052
192.238
-194.758
-188.015
-116.291
-31.881
-51.974
-35.013
-157.723
165.365
164.863
194.818
138.304
-100.17
-73.613
47.475
13.962
-151.723
-32.006
-20.412
52.53
-156.927
18.294
89.721
-134.016
84.711
24.736
104.428
-100.923
-139.909
-197.171
152.448
-124.934
-103.22
-150.482
-7.785
166.868
-26.928
-88.162
-74.648
104.219
-155.575
27.759
-48.722
68.75
105.469
104.458
168.568
-90.472
-22.575
-172.764
-169.095
36.843
-46.745
-27.116
31.593
-27.653
88.374
-159.894
-88.313
107.041
-156.215
180.139
-49.263
-122.419
-63.663
-191.463
51.857
-16.764
121.845
118.743
-194.349
-194.736
54.808
-62.998
-34.214
113.562
177.106
132.829
-114.775
69.519
-15.981
195.257
-142.905
82.226
183.187
-139.838
-126.62
-130.319
-105.984
176.038
8.898
148.97
-13.096
-192.244
195.008
-197.823
-95.641
-148.299
-90.953
-162.686
-180.499
64.01
-90.753
-2.25
173.753
184.292
52.778
-76.802
-55.379
118.172
54.196
174.31
102.539
187.043
-191.3
-125.198
-180.704
-41.06
47.909
47.129
74.253
-144.193
-124.478
-66.683
187.76
-190.473
-93.362
37.871
15.782
55.519
122.621
-34.623
167.627
187.357
39.538
113.301
77.504
155.839
-84.341
-62.122
-165.14
62.583
-182.98
-91.016
-110.586
-138.564
33.328
158.719
-43.986
-195.763
-154.411
-106.122
-80.869
77.133
138.204
-100.917
170.934
119.608
-98.621
136.481
119.451
-147.447
-152.001
-108.523
75.916
-87.232
188.212
164.135
-176.637
157.743
39.71
-141.959
-111.147
-3.806
-196.399
68.533
-112.737
181.744
-38.367
-150.232
-8.916
82.378
181.424
-50.141
145.455
-4.403
40.924
-29.867
-171.84
16.934
-166.066
199.964
12.721
55.064
-147.416
130.277
-181.129
-145.587
174.241
-32.595
26.911
19.707
-133.595
-135.332
-179.562
28.798
9.059
25.679
105.581
-0.08
95.867
-104.36
30.628
75.88
-139.975
-47.457
150.989
150.856
-160.466
-185.989
-54.396
-176.112
-122.682
-35.904
-156.451
105.187
48.61
-197.141
-174.242
-38.687
90.584
190.095
162.976
-161.803
191.593
-114.109
121.193
-179.222
37.164
129.312
-77.64
-95.052
-40.525
28.277
-5.987
138.29
94.363
47.321
-117.555
75.101
-141.41
-33.79
99.195
17.891
-80.833
74.996
94.811
87.568
28.621
-137.02
118.889
-152.723
-15.844
-58.878
-179.297
187.066
-116.271
-158.072
8.616
93.892
92.858
159.464
154.306
142.337
190.001
41.617
-120.703
-80.972
103.25
170.611
-2.472
-107.102
65.223
80.399
-172.499
-190.142
49.044
94.27
97.82
-2.242
110.703
-71.908
22.47
25.553
183.028
-125.861
-122.446
-58.602
93.638
183.191
-94.993
-123.088
127.475
-153.166
14.216
127.751
-171.54
-150.101
80.745
-87.865
37.518
98.483
